0111111111111111111111
0111111111111101100010
0111111111110110001000
0111111111101001110011
0111111111011000100010
0111111111000010010101
0111111110100111001110
0111111110000111001011
0111111101100010001110
0111111100111000010110
0111111100001001100100
0111111011010101111001
0111111010011101010101
0111111001011111111001
0111111000011101100101
0111110111010110011010
0111110110001010011000
0111110100111001100000
0111110011100011110100
0111110010001001010011
0111110000101001111111
0111101111000101111001
0111101101011101000001
0111101011101111011001
0111101001111101000001
0111101000000101111100
0111100110001010001001
0111100100001001101010
0111100010000100100001
0111011111111010101110
0111011101101100010100
0111011011011001010010
0111011001000001101100
0111010110100101100001
0111010100000100110101
0111010001011111100111
0111001110110101111011
0111001100000111110001
0111001001010101001011
0111000110011110001011
0111000011100010110011
0111000000100011000100
0110111101011111000001
0110111010010110101010
0110110111001010000011
0110110011111001001101
0110110000100100001010
0110101101001010111101
0110101001101101100110
0110100110001100001001
0110100010100110101000
0110011110111101000100
0110011011001111100000
0110010111011101111111
0110010011101000100010
0110001111101111001101
0110001011110010000000
0110000111110001000000
0110000011101100001110
0101111111100011101101
0101111011010111011111
0101110111000111100111
0101110010110100001000
0101101110011101000100
0101101010000010011110
0101100101100100011001
0101100001000010110111
0101011100011101111100
0101010111110101101001
0101010011001010000011
0101001110011011001011
0101001001101001000101
0101000100110011110011
0100111111111011011001
0100111010111111111010
0100110110000001011001
0100110000111111111000
0100101011111011011011
0100100110110100000101
0100100001101001111010
0100011100011100111011
0100010111001101001101
0100010001111010110011
0100001100100101110000
0100000111001110001000
0100000001110011111101
0011111100010111010010
0011110110111000001101
0011110001010110101111
0011101011110010111100
0011100110001100110111
0011100000100100100101
0011011010111010001000
0011010101001101100100
0011001111011110111101
0011001001101110010101
0011000011111011110001
0010111110000111010101
0010111000010001000011
0010110010011000111111
0010101100011111001101
0010100110100011110001
0010100000100110101110
0010011010101000001000
0010010100101000000011
0010001110100110100010
0010001000100011101001
0010000010011111011100
0001111100011001111110
0001110110010011010100
0001110000001011100001
0001101010000010101000
0001100011111000101110
0001011101101101110110
0001010111100010000101
0001010001010101011110
0001001011001000000100
0001000100111001111100
0000111110101011001010
0000111000011011110001
0000110010001011110101
0000101011111011011010
0000100101101010100100
0000011111011001010111
0000011001000111110110
0000010010110110000110
0000001100100100001011
0000000110010010000111
0000000000000000000000
1111111001101101111001
1111110011011011110101
1111101101001001111010
1111100110111000001010
1111100000100110101001
1111011010010101011100
1111010100000100100110
1111001101110100001011
1111000111100100001111
1111000001010100110110
1110111011000110000100
1110110100110111111100
1110101110101010100010
1110101000011101111011
1110100010010010001010
1110011100000111010010
1110010101111101011000
1110001111110100011111
1110001001101100101100
1110000011100110000010
1101111101100000100100
1101110111011100010111
1101110001011001011110
1101101011010111111101
1101100101010111111000
1101011111011001010010
1101011001011100001111
1101010011100000110011
1101001101100111000001
1101000111101110111101
1101000001111000101011
1100111100000100001111
1100110110010001101011
1100110000100001000011
1100101010110010011100
1100100101000101111000
1100011111011011011011
1100011001110011001001
1100010100001101000100
1100001110101001010001
1100001001000111110011
1100000011101000101110
1011111110001100000011
1011111000110001111000
1011110011011010010000
1011101110000101001101
1011101000110010110011
1011100011100011000101
1011011110010110000110
1011011001001011111011
1011010100000100100101
1011001111000000001000
1011001001111110100111
1011000101000000000110
1011000000000100100111
1010111011001100001101
1010110110010110111011
1010110001100100110101
1010101100110101111101
1010101000001010010111
1010100011100010000100
1010011110111101001001
1010011010011011100111
1010010101111101100010
1010010001100010111100
1010001101001011111000
1010001000111000011001
1010000100101000100001
1010000000011100010011
1001111100010011110010
1001111000001111000000
1001110100001110000000
1001110000010000110011
1001101100010111011110
1001101000100010000001
1001100100110000100000
1001100001000010111100
1001011101011001011000
1001011001110011110111
1001010110010010011010
1001010010110101000011
1001001111011011110110
1001001100000110110011
1001001000110101111101
1001000101101001010110
1001000010100000111111
1000111111011100111100
1000111100011101001101
1000111001100001110101
1000110110101010110101
1000110011111000001111
1000110001001010000101
1000101110100000011001
1000101011111011001011
1000101001011010011111
1000100110111110010100
1000100100100110101110
1000100010010011101100
1000100000000101010010
1000011101111011011111
1000011011110110010110
1000011001110101110111
1000010111111010000100
1000010110000010111111
1000010100010000100111
1000010010100010111111
1000010000111010000111
1000001111010110000001
1000001101110110101101
1000001100011100001100
1000001011000110100000
1000001001110101101000
1000001000101001100110
1000000111100010011011
1000000110100000000111
1000000101100010101011
1000000100101010000111
1000000011110110011100
1000000011000111101010
1000000010011101110010
1000000001111000110101
1000000001011000110010
1000000000111101101011
1000000000100111011110
1000000000010110001101
1000000000001001111000
1000000000000010011110
