0000000000000000000000
1111111001101101111001
1111110011011011110101
1111101101001001111010
1111100110111000001010
1111100000100110101001
1111011010010101011100
1111010100000100100110
1111001101110100001011
1111000111100100001111
1111000001010100110110
1110111011000110000100
1110110100110111111100
1110101110101010100010
1110101000011101111011
1110100010010010001010
1110011100000111010010
1110010101111101011000
1110001111110100011111
1110001001101100101100
1110000011100110000010
1101111101100000100100
1101110111011100010111
1101110001011001011110
1101101011010111111101
1101100101010111111000
1101011111011001010010
1101011001011100001111
1101010011100000110011
1101001101100111000001
1101000111101110111101
1101000001111000101011
1100111100000100001111
1100110110010001101011
1100110000100001000011
1100101010110010011100
1100100101000101111000
1100011111011011011011
1100011001110011001001
1100010100001101000100
1100001110101001010001
1100001001000111110011
1100000011101000101110
1011111110001100000011
1011111000110001111000
1011110011011010010000
1011101110000101001101
1011101000110010110011
1011100011100011000101
1011011110010110000110
1011011001001011111011
1011010100000100100101
1011001111000000001000
1011001001111110100111
1011000101000000000110
1011000000000100100111
1010111011001100001101
1010110110010110111011
1010110001100100110101
1010101100110101111101
1010101000001010010111
1010100011100010000100
1010011110111101001001
1010011010011011100111
1010010101111101100010
1010010001100010111100
1010001101001011111000
1010001000111000011001
1010000100101000100001
1010000000011100010011
1001111100010011110010
1001111000001111000000
1001110100001110000000
1001110000010000110011
1001101100010111011110
1001101000100010000001
1001100100110000100000
1001100001000010111100
1001011101011001011000
1001011001110011110111
1001010110010010011010
1001010010110101000011
1001001111011011110110
1001001100000110110011
1001001000110101111101
1001000101101001010110
1001000010100000111111
1000111111011100111100
1000111100011101001101
1000111001100001110101
1000110110101010110101
1000110011111000001111
1000110001001010000101
1000101110100000011001
1000101011111011001011
1000101001011010011111
1000100110111110010100
1000100100100110101110
1000100010010011101100
1000100000000101010010
1000011101111011011111
1000011011110110010110
1000011001110101110111
1000010111111010000100
1000010110000010111111
1000010100010000100111
1000010010100010111111
1000010000111010000111
1000001111010110000001
1000001101110110101101
1000001100011100001100
1000001011000110100000
1000001001110101101000
1000001000101001100110
1000000111100010011011
1000000110100000000111
1000000101100010101011
1000000100101010000111
1000000011110110011100
1000000011000111101010
1000000010011101110010
1000000001111000110101
1000000001011000110010
1000000000111101101011
1000000000100111011110
1000000000010110001101
1000000000001001111000
1000000000000010011110
1000000000000000000001
1000000000000010011110
1000000000001001111000
1000000000010110001101
1000000000100111011110
1000000000111101101011
1000000001011000110010
1000000001111000110101
1000000010011101110010
1000000011000111101010
1000000011110110011100
1000000100101010000111
1000000101100010101011
1000000110100000000111
1000000111100010011011
1000001000101001100110
1000001001110101101000
1000001011000110100000
1000001100011100001100
1000001101110110101101
1000001111010110000001
1000010000111010000111
1000010010100010111111
1000010100010000100111
1000010110000010111111
1000010111111010000100
1000011001110101110111
1000011011110110010110
1000011101111011011111
1000100000000101010010
1000100010010011101100
1000100100100110101110
1000100110111110010100
1000101001011010011111
1000101011111011001011
1000101110100000011001
1000110001001010000101
1000110011111000001111
1000110110101010110101
1000111001100001110101
1000111100011101001101
1000111111011100111100
1001000010100000111111
1001000101101001010110
1001001000110101111101
1001001100000110110011
1001001111011011110110
1001010010110101000011
1001010110010010011010
1001011001110011110111
1001011101011001011000
1001100001000010111100
1001100100110000100000
1001101000100010000001
1001101100010111011110
1001110000010000110011
1001110100001110000000
1001111000001111000000
1001111100010011110010
1010000000011100010011
1010000100101000100001
1010001000111000011001
1010001101001011111000
1010010001100010111100
1010010101111101100010
1010011010011011100111
1010011110111101001001
1010100011100010000100
1010101000001010010111
1010101100110101111101
1010110001100100110101
1010110110010110111011
1010111011001100001101
1011000000000100100111
1011000101000000000110
1011001001111110100111
1011001111000000001000
1011010100000100100101
1011011001001011111011
1011011110010110000110
1011100011100011000101
1011101000110010110011
1011101110000101001101
1011110011011010010000
1011111000110001111000
1011111110001100000011
1100000011101000101110
1100001001000111110011
1100001110101001010001
1100010100001101000100
1100011001110011001001
1100011111011011011011
1100100101000101111000
1100101010110010011100
1100110000100001000011
1100110110010001101011
1100111100000100001111
1101000001111000101011
1101000111101110111101
1101001101100111000001
1101010011100000110011
1101011001011100001111
1101011111011001010010
1101100101010111111000
1101101011010111111101
1101110001011001011110
1101110111011100010111
1101111101100000100100
1110000011100110000010
1110001001101100101100
1110001111110100011111
1110010101111101011000
1110011100000111010010
1110100010010010001010
1110101000011101111011
1110101110101010100010
1110110100110111111100
1110111011000110000100
1111000001010100110110
1111000111100100001111
1111001101110100001011
1111010100000100100110
1111011010010101011100
1111100000100110101001
1111100110111000001010
1111101101001001111010
1111110011011011110101
1111111001101101111001
